
press_bottom@0.500         40.9  0.96 | -0.00                  0                        -8.59e-08 (-0.00%)
press_bottom@0.750         61.3  0.95 | -0.50                  0                        -5.17e-05 (-0.06%)
press_bottom               81.7  0.94 | -1.64                  0                        -1.77e-04 (-0.22%)
press_top@0.250            41.5  1.00 | -0.00                  0                        -2.32e-07 (-0.00%)
press_top@0.375            62.2  1.00 | -0.60                  0                        -5.33e-05 (-0.07%)
press_top@0.500            83.0  1.00 | -1.99                  0                        -1.82e-04 (-0.22%)
press_top@0.625           103.8  1.00 | -3.58                  6                        -3.33e-04 (-0.41%)
press_top@0.750           124.6  1.00 | -4.57                  16                       -4.38e-04 (-0.54%)
press_top@0.875           145.3  1.00 | -4.38                  26                       -4.45e-04 (-0.55%)
press_top                 166.0  1.00 | -3.25                  23                       -3.65e-04 (-0.45%)
press_top_rhythm          166.0  1.00 | -3.43                  21                       -2.85e-04 (-0.35%)
pullup_hang               155.8  1.00 | -4.04                  26                       -4.29e-04 (-0.53%)
pullup_hang_rhythm        155.8  1.00 | -3.37                  24                       -3.53e-04 (-0.43%)
squat_bottom              125.9  0.00 | -0.00                  0                        -5.71e-12 (-0.00%)


