
press_bottom@0.500         40.9  0.96 | -0.00                  0                        -8.59e-08 (-0.00%)
press_bottom@0.750         61.3  0.95 | -0.50                  0                        -4.96e-05 (-0.06%)
press_bottom               81.7  0.94 | -1.65                  0                        -1.67e-04 (-0.20%)
press_top@0.250            41.5  1.00 | -0.00                  0                        -2.32e-07 (-0.00%)
press_top@0.375            62.2  1.00 | -0.64                  0                        -6.04e-05 (-0.07%)
press_top@0.500            83.0  1.00 | -2.56                  2                        -2.94e-04 (-0.36%)
press_top@0.625           103.8  1.00 | -5.00                  15                       -6.56e-04 (-0.80%)
press_top@0.750           124.6  1.00 | -6.73                  35                       -1.01e-03 (-1.23%)
press_top@0.875           145.3  1.00 | -7.00                  52                       -1.18e-03 (-1.45%)
press_top                 166.0  1.00 | -6.69                  51                       -1.11e-03 (-1.36%)
press_top_rhythm          166.0  1.00 | -6.67                  41                       -8.91e-04 (-1.09%)
pullup_hang               155.8  1.00 | -7.00                  53                       -1.17e-03 (-1.44%)
pullup_hang_rhythm        155.8  1.00 | -6.61                  46                       -1.01e-03 (-1.24%)
pullup_top                 62.5  0.97 | -0.56                  0                        -5.84e-05 (-0.07%)


