entry                      state    | lobe-zone outward offset cm: max p95 median | min over zone | area/rest max (mask tris) | edge ratio min max (mask edges) | boundary step cm
press_bottom               r93      |  3.83  3.64  1.37 |   0.04 |  2.48 | 0.68 2.24 | 0.00
press_bottom               r95      |  3.83  3.64  1.37 |   0.04 |  2.48 | 0.68 2.24 | 0.00

press_top@0.500            r93      |  5.11  4.82  2.20 |   0.17 |  2.90 | 0.78 1.90 | 0.00
press_top@0.500            r95      |  4.36  4.25  2.14 |   0.17 |  2.90 | 0.76 1.90 | 0.29

press_top@0.625            r93      |  6.10  5.50  2.46 |   0.08 |  3.54 | 0.72 2.12 | 0.00
press_top@0.625            r95      |  4.40  4.13  2.34 |   0.08 |  3.54 | 0.69 2.12 | 0.74

press_top@0.750            r93      |  6.84  6.15  2.67 |  -0.85 |  3.60 | 0.67 2.32 | 0.00
press_top@0.750            r95      |  4.22  3.77  2.28 |  -0.85 |  3.61 | 0.60 2.32 | 1.22

press_top                  r93      |  7.95  7.36  2.86 |  -5.78 |  3.15 | 0.55 2.62 | 0.00
press_top                  r95      |  4.18  3.74  2.23 |  -5.78 |  3.15 | 0.50 2.61 | 1.70

press_top_rhythm           r93      |  9.34  8.58  2.92 |  -6.50 |  3.49 | 0.46 2.79 | 0.00
press_top_rhythm           r95      |  4.51  4.32  2.69 |  -6.50 |  3.05 | 0.45 2.75 | 1.72

pullup_top                 r93      |  3.82  3.07  0.99 |   0.04 |  2.20 | 0.67 2.28 | 0.00
pullup_top                 r95      |  3.82  3.07  0.99 |   0.04 |  2.20 | 0.67 2.28 | 0.00

pullup_hang                r93      |  7.60  7.00  2.84 |  -4.04 |  3.51 | 0.57 2.54 | 0.00
pullup_hang                r95      |  4.03  3.77  2.19 |  -4.04 |  3.51 | 0.53 2.53 | 1.64

pullup_hang_rhythm         r93      |  8.79  8.28  2.98 |  -4.79 |  3.49 | 0.55 2.67 | 0.00
pullup_hang_rhythm         r95      |  4.38  4.10  2.66 |  -4.79 |  3.49 | 0.48 2.66 | 1.74

