rest-smooth edge pairs: ledge band 2222, drape band 1506
entry                  state          | ledge: min dihedral cos (deg), #<0.9, #<0.7, #<0.5 | tri area/rest max p99 | edge ratio min max || drape: min cos, #<0.9, #<0.7 | area/rest max p99 p50 | edge ratio min max | max SI-free (n/a)
press_bottom           weights-only   |  0.75 ( 41)  24   0   0 | 2.02 1.83 | 0.76 2.11 ||  0.41  70  20 | 1.45 1.27 0.91 | 0.38 1.41
press_bottom           r93            |  0.78 ( 38)  16   0   0 | 2.06 1.80 | 0.68 2.08 ||  0.37  88   8 | 1.44 1.26 0.91 | 0.56 1.41
press_bottom           r95            |  0.78 ( 38)  16   0   0 | 2.06 1.80 | 0.68 2.08 ||  0.37  88   8 | 1.44 1.26 0.91 | 0.56 1.41
press_bottom           P3B1(r42)      |  0.39 ( 67) 194  16   2 | 2.78 2.15 | 0.74 3.14 || -0.37 194  62 | 1.64 1.37 0.95 | 0.37 1.55

press_top@0.500        weights-only   |  0.81 ( 36)  38   0   0 | 2.08 1.84 | 0.73 2.06 ||  0.53  60  18 | 1.38 1.28 0.90 | 0.53 1.55
press_top@0.500        r93            |  0.85 ( 32)  10   0   0 | 1.91 1.72 | 0.78 1.86 ||  0.56  70   8 | 1.39 1.27 0.90 | 0.59 1.43
press_top@0.500        r95            |  0.83 ( 34)  12   0   0 | 1.91 1.71 | 0.76 1.86 ||  0.56  70   8 | 1.39 1.27 0.90 | 0.59 1.43
press_top@0.500        P3B1(r42)      |  0.35 ( 69) 261 104  28 | 3.20 2.69 | 0.63 3.09 ||  0.38 256  78 | 2.12 1.60 0.95 | 0.25 2.07

press_top@0.625        weights-only   |  0.67 ( 48)  48   2   0 | 2.42 2.12 | 0.65 2.33 ||  0.36  94  30 | 1.47 1.35 0.89 | 0.44 1.79
press_top@0.625        r93            |  0.82 ( 35)  36   0   0 | 2.19 2.05 | 0.70 2.10 ||  0.55 154  18 | 1.72 1.33 0.89 | 0.54 1.58
press_top@0.625        r95            |  0.64 ( 50)  42   4   0 | 2.19 1.98 | 0.69 2.09 ||  0.55 154  18 | 1.72 1.36 0.89 | 0.54 1.58
press_top@0.625        P3B1(r42)      |  0.16 ( 81) 283 150  54 | 3.70 3.12 | 0.55 3.61 || -0.05 326 120 | 2.62 1.76 0.95 | 0.17 2.49

press_top@0.750        weights-only   |  0.45 ( 63)  86   6   2 | 2.77 2.40 | 0.56 2.60 ||  0.02 132  40 | 1.78 1.44 0.87 | 0.37 2.07
press_top@0.750        r93            |  0.57 ( 55)  96   4   0 | 2.47 2.39 | 0.67 2.31 ||  0.41 212  68 | 2.07 1.47 0.87 | 0.50 1.76
press_top@0.750        r95            |  0.53 ( 58) 116   8   0 | 2.45 2.18 | 0.60 2.30 ||  0.41 212  68 | 2.07 1.47 0.87 | 0.50 1.76
press_top@0.750        P3B1(r42)      | -0.03 ( 92) 300 170 100 | 4.45 3.72 | 0.46 4.11 || -0.73 366 150 | 3.18 1.94 0.94 | 0.27 2.94

press_top@0.875        weights-only   |  0.20 ( 78) 110  12   2 | 3.20 2.67 | 0.47 2.87 || -0.45 174  44 | 2.14 1.53 0.86 | 0.33 2.38
press_top@0.875        r93            |  0.66 ( 49) 122   6   0 | 2.81 2.63 | 0.59 2.49 ||  0.32 242  86 | 2.33 1.69 0.85 | 0.46 2.00
press_top@0.875        r95            |  0.49 ( 61) 190  24   2 | 2.68 2.33 | 0.55 2.48 ||  0.32 242  86 | 2.33 1.69 0.85 | 0.46 2.00
press_top@0.875        P3B1(r42)      | -0.41 (114) 310 178 134 | 5.31 4.45 | 0.37 4.60 || -0.85 420 206 | 3.78 2.24 0.94 | 0.34 3.39

press_top              weights-only   | -0.02 ( 91) 154  24   4 | 3.76 3.00 | 0.38 3.14 || -1.00 202  64 | 2.56 1.74 0.85 | 0.25 2.70
press_top              r93            |  0.60 ( 53) 124  16   0 | 3.10 2.86 | 0.55 2.62 ||  0.29 264  88 | 2.47 1.87 0.84 | 0.45 2.29
press_top              r95            |  0.43 ( 64) 202  30   2 | 2.85 2.47 | 0.50 2.61 ||  0.29 264  88 | 2.47 1.87 0.84 | 0.45 2.29
press_top              P3B1(r42)      | -0.79 (142) 332 186 140 | 6.10 5.07 | 0.31 5.08 || -1.00 454 246 | 4.37 2.57 0.93 | 0.19 3.83

press_top_rhythm       weights-only   | -0.12 ( 97) 172  44  26 | 4.18 3.51 | 0.29 3.80 || -0.75 235  98 | 3.41 2.02 0.81 | 0.24 3.28
press_top_rhythm       r93            |  0.36 ( 69) 142  34  10 | 3.49 3.15 | 0.46 2.82 ||  0.30 282  92 | 2.76 2.16 0.80 | 0.40 2.90
press_top_rhythm       r95            |  0.30 ( 72) 208  48  16 | 2.97 2.67 | 0.45 2.82 ||  0.30 282  92 | 2.76 2.16 0.80 | 0.40 2.90
press_top_rhythm       P3B1(r42)      | -0.95 (162) 357 206 157 | 6.59 5.67 | 0.35 5.94 || -0.98 488 302 | 5.22 3.10 0.92 | 0.18 4.57

pullup_hang            weights-only   |  0.11 ( 84) 116  12   2 | 3.27 2.76 | 0.44 2.96 || -0.42 164  44 | 2.27 1.60 0.86 | 0.29 2.49
pullup_hang            r93            |  0.46 ( 62) 112   8   2 | 2.93 2.69 | 0.57 2.54 ||  0.31 252  96 | 2.37 1.78 0.86 | 0.46 2.09
pullup_hang            r95            |  0.46 ( 62) 188  26   4 | 2.75 2.40 | 0.53 2.53 ||  0.31 252  96 | 2.37 1.78 0.86 | 0.46 2.09
pullup_hang            P3B1(r42)      | -0.59 (126) 314 182 136 | 5.55 4.64 | 0.34 4.75 || -0.85 430 216 | 3.97 2.37 0.94 | 0.21 3.52

pullup_hang_rhythm     weights-only   | -0.12 ( 97) 146  36  16 | 3.64 3.25 | 0.33 3.54 || -0.76 201  70 | 3.03 1.90 0.83 | 0.20 3.02
pullup_hang_rhythm     r93            |  0.52 ( 59) 118  28   0 | 3.23 2.93 | 0.55 2.67 ||  0.31 264 106 | 2.62 2.02 0.83 | 0.43 2.63
pullup_hang_rhythm     r95            |  0.37 ( 68) 206  32   4 | 2.91 2.61 | 0.48 2.66 ||  0.31 264 106 | 2.62 2.02 0.83 | 0.43 2.63
pullup_hang_rhythm     P3B1(r42)      | -0.91 (155) 332 196 154 | 5.97 5.05 | 0.32 5.58 || -0.79 460 256 | 4.87 2.86 0.92 | 0.30 4.22

pullup_top             weights-only   |  0.64 ( 50)  18   2   0 | 1.89 1.63 | 0.68 1.96 ||  0.29  74  24 | 1.40 1.26 0.94 | 0.31 1.38
pullup_top             r93            |  0.66 ( 49)  14   2   0 | 1.89 1.62 | 0.68 1.96 ||  0.30  74  14 | 1.40 1.25 0.94 | 0.44 1.38
pullup_top             r95            |  0.66 ( 49)  14   2   0 | 1.89 1.62 | 0.68 1.96 ||  0.30  74  14 | 1.40 1.25 0.94 | 0.44 1.38
pullup_top             P3B1(r42)      |  0.18 ( 80) 108   8   4 | 2.27 1.83 | 0.67 2.78 || -0.58 142  58 | 1.62 1.25 0.96 | 0.29 1.32

ledge: 25 sharpest edge pairs in r95 press_top: rest-mid bbox [-0.221  0.077  1.36 ] [0.221 0.153 1.428]
   regions {'shoulder': 15, 'torso': 26}
   dominant bones [('scapula_r', 17), ('scapula_l', 16), ('spine_03', 8)]
   edge mid examples: [(0.13, 1.394, 0.43), (-0.13, 1.394, 0.43), (0.166, 1.384, 0.5), (-0.166, 1.384, 0.5), (0.117, 1.394, 0.53), (-0.117, 1.394, 0.53)]
drape: 25 sharpest pairs in r95 press_top: rest-mid bbox [-0.258  0.005  1.493] [0.258 0.109 1.535] regions {'shoulder': 41}
   dominant bones [('upperarm_r', 15), ('upperarm_l', 14), ('scapula_l', 4), ('scapula_r', 4), ('clavicle_l', 2)]
