
press_bottom@0.500         40.9  0.96 | -0.00                  0                        -4.44e-08 (-0.00%)
press_bottom@0.750         61.3  0.95 | -0.50                  0                        -3.43e-05 (-0.04%)
press_bottom               81.7  0.94 | -1.65                  0                        -1.30e-04 (-0.16%)
press_top@0.250            41.5  1.00 | -0.00                  0                        -1.12e-07 (-0.00%)
press_top@0.375            62.2  1.00 | -0.60                  0                        -3.30e-05 (-0.04%)
press_top@0.500            83.0  1.00 | -2.01                  1                        -1.23e-04 (-0.15%)
press_top@0.625           103.8  1.00 | -3.59                  6                        -2.35e-04 (-0.29%)
press_top@0.750           124.6  1.00 | -4.57                  24                       -3.28e-04 (-0.40%)
press_top@0.875           145.3  1.00 | -4.35                  26                       -3.56e-04 (-0.44%)
press_top                 166.0  1.00 | -3.22                  24                       -2.99e-04 (-0.37%)
press_top_rhythm          166.0  1.00 | -3.43                  22                       -2.21e-04 (-0.27%)
pullup_hang               155.8  1.00 | -4.00                  25                       -3.44e-04 (-0.42%)
pullup_hang_rhythm        155.8  1.00 | -3.37                  24                       -2.69e-04 (-0.33%)
squat_bottom              125.9  0.00 | -0.00                  0                        -5.71e-12 (-0.00%)


