pose                       theta | wing max cm | rot angle (rel trunk) | rotvec comps in trunk frame (x lat, y ant, z up) deg | scapula-head excursion cm | theta
neutral                      0.0 |    0.0 |    0.0 |    0.0    0.0    0.0 |    0.0
curl_peak                   10.2 |    0.0 |    0.0 |    0.0    0.0    0.0 |    0.0
press_bottom                81.7 |    3.8 |   23.6 |   -0.0   23.6   -0.0 |    2.2
press_bottom@0.250          20.4 |    1.2 |    5.9 |    0.2    5.9    0.0 |    0.5
press_bottom@0.375          30.6 |    1.8 |    8.9 |    0.2    8.9    0.1 |    0.8
press_bottom@0.500          40.9 |    2.4 |   11.8 |    0.2   11.8    0.1 |    1.1
press_bottom@0.625          51.1 |    2.9 |   14.8 |    0.2   14.8    0.1 |    1.3
press_bottom@0.750          61.3 |    3.3 |   17.7 |    0.2   17.7    0.0 |    1.6
press_bottom@0.875          71.5 |    3.5 |   20.7 |    0.1   20.7    0.0 |    1.9
press_top                  166.0 |    9.7 |   74.9 |    0.0   74.9    0.0 |    4.4
press_top@0.250             41.5 |    3.0 |   18.8 |    2.5   18.6    0.4 |    1.1
press_top@0.375             62.2 |    4.4 |   28.2 |    3.1   28.0    0.5 |    1.6
press_top@0.500             83.0 |    5.7 |   37.6 |    3.4   37.4    0.4 |    2.2
press_top@0.625            103.8 |    6.9 |   46.9 |    3.2   46.8    0.3 |    2.7
press_top@0.750            124.6 |    8.0 |   56.3 |    2.6   56.2    0.2 |    3.3
press_top@0.875            145.3 |    8.9 |   65.6 |    1.5   65.6    0.0 |    3.8
press_top_rhythm           166.0 |   10.6 |   93.6 |    0.0   93.6   -0.0 |    5.4
press_top_rhythm@0.250      41.5 |    3.7 |   23.5 |    4.1   23.2    0.4 |    1.4
press_top_rhythm@0.375      62.3 |    5.4 |   35.3 |    5.2   34.9    0.4 |    2.0
press_top_rhythm@0.500      83.1 |    6.9 |   47.1 |    5.7   46.7    0.2 |    2.7
press_top_rhythm@0.625     103.9 |    8.3 |   58.8 |    5.4   58.6    0.0 |    3.4
press_top_rhythm@0.750     124.7 |    9.3 |   70.5 |    4.4   70.4   -0.1 |    4.1
press_top_rhythm@0.875     145.4 |   10.1 |   82.1 |    2.6   82.0   -0.2 |    4.8
squat_bottom               125.9 |    1.4 |    0.1 |    0.0   -0.0   -0.0 |    0.0
pushup_bottom               35.5 |    1.6 |    0.0 |   -0.0    0.0   -0.0 |    0.0
pullup_hang                155.8 |    9.2 |   68.3 |   -0.0   68.3   -0.0 |    4.1
pullup_hang@0.250           38.9 |    2.7 |   17.1 |    2.0   17.0    0.4 |    1.0
pullup_hang@0.375           58.4 |    4.0 |   25.7 |    2.5   25.6    0.4 |    1.5
pullup_hang@0.500           77.9 |    5.3 |   34.3 |    2.7   34.2    0.4 |    2.0
pullup_hang@0.625           97.4 |    6.4 |   42.8 |    2.6   42.7    0.3 |    2.6
pullup_hang@0.750          116.9 |    7.5 |   51.4 |    2.1   51.3    0.2 |    3.1
pullup_hang@0.875          136.4 |    8.4 |   59.9 |    1.2   59.9    0.1 |    3.6
pullup_hang_rhythm         155.8 |   10.3 |   85.4 |   -0.0   85.4   -0.0 |    5.1
pullup_hang_rhythm@0.250    38.9 |    3.4 |   21.5 |    3.3   21.2    0.4 |    1.3
pullup_hang_rhythm@0.375    58.4 |    5.0 |   32.2 |    4.1   31.9    0.4 |    1.9
pullup_hang_rhythm@0.500    78.0 |    6.4 |   42.9 |    4.5   42.7    0.3 |    2.6
pullup_hang_rhythm@0.625    97.5 |    7.7 |   53.6 |    4.3   53.5    0.2 |    3.2
pullup_hang_rhythm@0.750   117.0 |    8.8 |   64.3 |    3.5   64.2    0.0 |    3.8
pullup_hang_rhythm@0.875   136.4 |    9.7 |   74.9 |    2.1   74.9   -0.1 |    4.5
pullup_top                  62.5 |    3.4 |   16.1 |   -0.0   16.1    0.0 |    1.6
pullup_top@0.250            15.6 |    1.0 |    4.0 |    0.1    4.0    0.0 |    0.4
pullup_top@0.375            23.4 |    1.5 |    6.0 |    0.1    6.0    0.0 |    0.6
pullup_top@0.500            31.2 |    1.9 |    8.1 |    0.1    8.1    0.0 |    0.8
pullup_top@0.625            39.0 |    2.4 |   10.1 |    0.1   10.1    0.0 |    1.0
pullup_top@0.750            46.8 |    2.8 |   12.1 |    0.1   12.1    0.0 |    1.2
pullup_top@0.875            54.7 |    3.1 |   14.1 |    0.0   14.1    0.0 |    1.4
lunge                        0.0 |    0.0 |    0.0 |    0.0    0.0    0.0 |    0.0
row                         23.7 |    2.5 |    0.0 |   -0.0    0.0   -0.0 |    0.0
grip                         0.0 |    0.0 |    0.0 |    0.0    0.0    0.0 |    0.0
curl_handle                 10.2 |    0.0 |    0.0 |    0.0    0.0    0.0 |    0.0
pullup_bar                 155.8 |    9.2 |   68.3 |   -0.0   68.3   -0.0 |    4.1
corr(wing max, theta) = 0.93
corr(wing max, rot angle) = 0.99
corr(wing max, |rv_y| (anterior-axis component)) = 0.99
corr(wing max, |rv_x|) = 0.43
corr(wing max, |rv_z|) = 0.09
corr(wing max, excursion) = 0.98
