entry                      state    | lobe-zone outward offset cm: max p95 median | min over zone | area/rest max (mask tris) | edge ratio min max (mask edges) | boundary step cm
press_bottom               r93      |  3.83  3.64  1.37 |   0.04 |  2.48 | 0.68 2.24 | 0.00
press_bottom               L0.045   |  3.82  3.53  1.37 |   0.04 |  2.48 | 0.67 2.24 | 0.11
press_bottom               L0.035   |  3.66  3.41  1.37 |   0.04 |  2.48 | 0.67 2.24 | 0.16

press_top@0.500            r93      |  5.11  4.82  2.20 |   0.17 |  2.90 | 0.78 1.90 | 0.00
press_top@0.500            L0.045   |  4.28  3.95  2.10 |   0.17 |  2.90 | 0.76 1.91 | 0.62
press_top@0.500            L0.035   |  3.46  3.32  2.01 |   0.17 |  2.90 | 0.64 1.92 | 0.89

press_top@0.625            r93      |  6.10  5.50  2.46 |   0.08 |  3.54 | 0.72 2.12 | 0.00
press_top@0.625            L0.045   |  4.33  3.99  2.24 |   0.08 |  3.53 | 0.64 2.15 | 1.05
press_top@0.625            L0.035   |  3.32  3.05  1.93 |   0.08 |  3.53 | 0.54 2.14 | 1.52

press_top@0.750            r93      |  6.84  6.15  2.67 |  -0.85 |  3.60 | 0.67 2.32 | 0.00
press_top@0.750            L0.045   |  4.08  3.68  2.23 |  -0.84 |  3.59 | 0.53 2.36 | 1.44
press_top@0.750            L0.035   |  3.16  2.94  1.77 |  -0.83 |  3.59 | 0.58 2.35 | 2.10

press_top                  r93      |  7.95  7.36  2.86 |  -5.78 |  3.15 | 0.55 2.62 | 0.00
press_top                  L0.045   |  4.15  3.77  2.30 |  -5.78 |  3.29 | 0.46 2.53 | 1.78
press_top                  L0.035   |  3.38  3.13  1.47 |  -5.77 |  3.11 | 0.54 2.47 | 2.64

press_top_rhythm           r93      |  9.34  8.58  2.92 |  -6.50 |  3.49 | 0.46 2.79 | 0.00
press_top_rhythm           L0.045   |  4.51  4.37  2.67 |  -6.49 |  3.19 | 0.45 2.67 | 1.80
press_top_rhythm           L0.035   |  3.52  3.41  2.13 |  -6.48 |  3.02 | 0.45 2.60 | 2.65

pullup_top                 r93      |  3.82  3.07  0.99 |   0.04 |  2.20 | 0.67 2.28 | 0.00
pullup_top                 L0.045   |  3.82  3.07  0.99 |   0.04 |  2.20 | 0.67 2.28 | 0.00
pullup_top                 L0.035   |  3.81  3.06  0.98 |   0.04 |  2.20 | 0.67 2.28 | 0.00

pullup_hang                r93      |  7.60  7.00  2.84 |  -4.04 |  3.51 | 0.57 2.54 | 0.00
pullup_hang                L0.045   |  3.99  3.75  2.20 |  -4.03 |  3.48 | 0.48 2.45 | 1.75
pullup_hang                L0.035   |  3.29  3.11  1.43 |  -4.02 |  3.48 | 0.55 2.42 | 2.56

pullup_hang_rhythm         r93      |  8.79  8.28  2.98 |  -4.79 |  3.49 | 0.55 2.67 | 0.00
pullup_hang_rhythm         L0.045   |  4.36  4.06  2.69 |  -4.78 |  3.46 | 0.48 2.58 | 1.83
pullup_hang_rhythm         L0.035   |  3.49  3.31  2.04 |  -4.77 |  3.46 | 0.52 2.45 | 2.67

